x1,y1,z1,x2,y2,z2,diameter,k_multiplier,frozen
1.34279525,1.13400066,0.83650613,0.81018746,1.60922420,1.63673282,0.300000,1,0
0.81018746,1.60922420,1.63673282,0.20638934,2.29466486,2.31970811,0.300000,1,0
0.20638934,2.29466486,2.31970811,-0.63466322,2.10905385,3.14075255,0.300000,1,0
-0.63466322,2.10905385,3.14075255,-1.08738303,1.53181219,3.84858847,0.300000,1,0
-1.08738303,1.53181219,3.84858847,-1.57876492,0.90814751,4.63792133,0.300000,1,0
-1.57876492,0.90814751,4.63792133,-2.28376126,0.25405243,5.29926491,0.300000,1,0
-2.28376126,0.25405243,5.29926491,-2.37980652,-0.67643583,5.94087982,0.300000,1,0
-2.37980652,-0.67643583,5.94087982,-1.62126839,-1.25056267,6.60130787,0.300000,1,0
-1.62126839,-1.25056267,6.60130787,-0.79160887,-1.42769170,7.36318254,0.300000,1,0
-0.79160887,-1.42769170,7.36318254,-0.27872857,-1.84467256,8.17271709,0.300000,1,0
-0.27872857,-1.84467256,8.17271709,0.34036005,-2.12563801,8.95610428,0.300000,1,0
0.34036005,-2.12563801,8.95610428,0.89364940,-1.75243330,9.73994255,0.300000,1,0
0.89364940,-1.75243330,9.73994255,1.19652319,-1.13283503,10.52501869,0.300000,1,0
1.19652319,-1.13283503,10.52501869,1.83575857,-0.63336015,11.33892632,0.300000,1,0
1.83575857,-0.63336015,11.33892632,2.20737624,0.12110024,12.06078911,0.300000,1,0
2.20737624,0.12110024,12.06078911,2.18543100,0.94347852,12.64192581,0.300000,1,0
1.06570017,1.22050416,0.79376465,0.52031708,1.54974675,1.68610489,0.300000,1,0
0.52031708,1.54974675,1.68610489,0.02333435,2.05825782,2.29516101,0.300000,1,0
0.02333435,2.05825782,2.29516101,-0.84526700,2.03461409,2.94049072,0.300000,1,0
-0.84526700,2.03461409,2.94049072,-1.11370015,1.27476096,3.69616771,0.300000,1,0
-1.11370015,1.27476096,3.69616771,-1.34619188,0.72744095,4.58086967,0.300000,1,0
-1.34619188,0.72744095,4.58086967,-1.99978578,0.30024761,5.38425827,0.300000,1,0
-1.99978578,0.30024761,5.38425827,-2.28010058,-0.45695814,6.11945248,0.300000,1,0
-2.28010058,-0.45695814,6.11945248,-1.78130090,-1.08188760,6.79088163,0.300000,1,0
-1.78130090,-1.08188760,6.79088163,-1.03395009,-1.52113342,7.51331329,0.300000,1,0
-1.03395009,-1.52113342,7.51331329,-0.36115116,-2.13149333,8.20338440,0.300000,1,0
-0.36115116,-2.13149333,8.20338440,0.48399416,-2.36688185,8.85041332,0.300000,1,0
0.48399416,-2.36688185,8.85041332,1.13559198,-1.75056005,9.56257153,0.300000,1,0
1.13559198,-1.75056005,9.56257153,1.27329302,-0.91942126,10.32864952,0.300000,1,0
1.27329302,-0.91942126,10.32864952,1.64215004,-0.45002699,11.20143223,0.300000,1,0
1.64215004,-0.45002699,11.20143223,2.21007800,0.12206680,11.76080227,0.300000,1,0
2.21007800,0.12206680,11.76080227,1.94558132,0.77892303,12.71536732,0.300000,1,0
