x1,y1,z1,x2,y2,z2,diameter,k_multiplier,frozen
-0.11680657,2.37430644,0.81546742,-0.94938785,2.21336198,1.62063015,0.300000,1,0
-0.94938785,2.21336198,1.62063015,-1.41308081,1.21699786,2.34812975,0.300000,1,0
-1.41308081,1.21699786,2.34812975,-1.83998477,0.43439114,3.20990014,0.300000,1,0
-1.83998477,0.43439114,3.20990014,-2.19803786,-0.32659963,4.02612066,0.300000,1,0
-2.19803786,-0.32659963,4.02612066,-1.68645346,-0.97375816,4.91644144,0.300000,1,0
-1.68645346,-0.97375816,4.91644144,-0.94971621,-1.19027913,5.84862566,0.300000,1,0
-0.94971621,-1.19027913,5.84862566,-0.47095317,-1.88226509,6.79884386,0.300000,1,0
-0.47095317,-1.88226509,6.79884386,0.37614587,-2.36540508,7.59203815,0.300000,1,0
0.37614587,-2.36540508,7.59203815,1.15419245,-1.78656447,8.33034897,0.300000,1,0
1.15419245,-1.78656447,8.33034897,1.62142217,-0.88649827,9.13878536,0.300000,1,0
1.62142217,-0.88649827,9.13878536,2.22826791,-0.11214335,9.90367794,0.300000,1,0
2.22826791,-0.11214335,9.90367794,2.15931344,0.85254431,10.74358082,0.300000,1,0
2.15931344,0.85254431,10.74358082,1.25260854,1.27681088,11.58514309,0.300000,1,0
1.25260854,1.27681088,11.58514309,0.51149476,1.59009278,12.55769920,0.300000,1,0
