x1,y1,z1,x2,y2,z2,diameter,k_multiplier,frozen
-2.13319349,-0.08686715,0.69153488,-1.88745666,-0.83373445,1.60038221,0.300000,1,0
-1.88745666,-0.83373445,1.60038221,-1.14215589,-1.10519683,2.48815155,0.300000,1,0
-1.14215589,-1.10519683,2.48815155,-0.63426542,-1.71475399,3.46360755,0.300000,1,0
-0.63426542,-1.71475399,3.46360755,0.14058095,-2.40160680,4.23577929,0.300000,1,0
0.14058095,-2.40160680,4.23577929,1.07244229,-2.01322317,4.97545767,0.300000,1,0
1.07244229,-2.01322317,4.97545767,1.50530112,-1.04354596,5.73927736,0.300000,1,0
1.50530112,-1.04354596,5.73927736,2.04347467,-0.28198725,6.55738306,0.300000,1,0
2.04347467,-0.28198725,6.55738306,2.21493959,0.60350060,7.38122416,0.300000,1,0
2.21493959,0.60350060,7.38122416,1.46924579,1.18500733,8.25486088,0.300000,1,0
1.46924579,1.18500733,8.25486088,0.66749507,1.42197025,9.20491982,0.300000,1,0
0.66749507,1.42197025,9.20491982,0.11268568,1.98195648,10.02555370,0.300000,1,0
0.11268568,1.98195648,10.02555370,-0.81789637,2.12178731,10.71873760,0.300000,1,0
-0.81789637,2.12178731,10.71873760,-1.15274203,1.23519385,11.56149960,0.300000,1,0
-1.15274203,1.23519385,11.56149960,-1.44114006,0.62761003,12.55977821,0.300000,1,0
-2.41916060,-0.02527516,0.75808740,-2.09887576,-1.03040171,1.51899505,0.300000,1,0
-2.09887576,-1.03040171,1.51899505,-1.07140851,-1.33064902,2.30331063,0.300000,1,0
-1.07140851,-1.33064902,2.30331063,-0.42461142,-1.67256832,3.25321364,0.300000,1,0
-0.42461142,-1.67256832,3.25321364,0.21182220,-2.12804651,4.13533306,0.300000,1,0
0.21182220,-2.12804651,4.13533306,0.88126934,-1.78695595,5.02295446,0.300000,1,0
0.88126934,-1.78695595,5.02295446,1.26659501,-1.09039569,5.91484642,0.300000,1,0
1.26659501,-1.09039569,5.91484642,2.05365372,-0.48492637,6.77809095,0.300000,1,0
2.05365372,-0.48492637,6.77809095,2.45023060,0.45783439,7.49706650,0.300000,1,0
2.45023060,0.45783439,7.49706650,1.76849198,1.20482290,8.24717522,0.300000,1,0
1.76849198,1.20482290,8.24717522,0.87411976,1.59204543,9.06934452,0.300000,1,0
0.87411976,1.59204543,9.06934452,0.11857527,2.28099847,10.00233364,0.300000,1,0
0.11857527,2.28099847,10.00233364,-0.71732438,2.36214805,10.86743927,0.300000,1,0
-0.71732438,2.36214805,10.86743927,-1.32672048,1.47866011,11.58284569,0.300000,1,0
-1.32672048,1.47866011,11.58284569,-1.71087396,0.61300308,12.42927742,0.300000,1,0
