x1,y1,z1,x2,y2,z2,diameter,k_multiplier,frozen
-0.08686715,-2.36680651,0.87926149,0.94938785,-2.21336198,1.62063015,0.300000,1,0
0.94938785,-2.21336198,1.62063015,1.41308081,-1.21699786,2.34812975,0.300000,1,0
1.41308081,-1.21699786,2.34812975,1.83998477,-0.43439114,3.20990014,0.300000,1,0
1.83998477,-0.43439114,3.20990014,2.20795751,0.33905524,4.02878332,0.300000,1,0
2.20795751,0.33905524,4.02878332,1.68298328,1.06649685,4.92933369,0.300000,1,0
1.68298328,1.06649685,4.92933369,0.84209043,1.28358543,5.83861637,0.300000,1,0
0.84209043,1.28358543,5.83861637,0.31510538,1.81214166,6.73740387,0.300000,1,0
0.31510538,1.81214166,6.73740387,-0.37614587,2.36540508,7.59203815,0.300000,1,0
-0.37614587,2.36540508,7.59203815,-1.15419245,1.78656447,8.33034897,0.300000,1,0
-1.15419245,1.78656447,8.33034897,-1.62142217,0.88649827,9.13878536,0.300000,1,0
-1.62142217,0.88649827,9.13878536,-2.22826791,0.11214335,9.90367794,0.300000,1,0
-2.22826791,0.11214335,9.90367794,-2.12178731,-0.81789637,10.71873760,0.300000,1,0
-2.12178731,-0.81789637,10.71873760,-1.23519385,-1.15274203,11.56149960,0.300000,1,0
-1.23519385,-1.15274203,11.56149960,-0.62761003,-1.44114006,12.55977821,0.300000,1,0
