x1,y1,z1,x2,y2,z2,diameter,k_multiplier,frozen
-1.38562417,-1.23824894,0.87506354,-0.73219776,-1.78854728,1.64116216,0.300000,1,0
-0.73219776,-1.78854728,1.64116216,-0.00557456,-2.39003992,2.26371098,0.300000,1,0
-0.00557456,-2.39003992,2.26371098,0.90322185,-2.19783521,2.94076705,0.300000,1,0
0.90322185,-2.19783521,2.94076705,1.26355577,-1.32989550,3.62905979,0.300000,1,0
1.26355577,-1.32989550,3.62905979,1.43927550,-0.64590174,4.45968056,0.300000,1,0
1.43927550,-0.64590174,4.45968056,1.94557977,-0.18760028,5.26437378,0.300000,1,0
1.94557977,-0.18760028,5.26437378,2.09922647,0.51023251,6.05192375,0.300000,1,0
2.09922647,0.51023251,6.05192375,1.56777453,0.96129584,6.75845051,0.300000,1,0
1.56777453,0.96129584,6.75845051,0.95908588,1.26415157,7.58030176,0.300000,1,0
0.95908588,1.26415157,7.58030176,0.51056993,1.86949241,8.29724312,0.300000,1,0
0.51056993,1.86949241,8.29724312,-0.39327091,2.46797895,8.95787811,0.300000,1,0
-0.39327091,2.46797895,8.95787811,-1.16864729,1.91496158,9.60592461,0.300000,1,0
-1.16864729,1.91496158,9.60592461,-1.42351747,1.00047910,10.29928589,0.300000,1,0
-1.42351747,1.00047910,10.29928589,-1.76967680,0.39151537,11.09987831,0.300000,1,0
-1.76967680,0.39151537,11.09987831,-2.13747334,-0.20094936,11.84731960,0.300000,1,0
-2.13747334,-0.20094936,11.84731960,-1.86380064,-0.83836299,12.66409588,0.300000,1,0
