x1,y1,z1,x2,y2,z2,diameter,k_multiplier,frozen
1.60781133,-1.74306822,0.70422339,0.70973068,-1.78083801,1.58531392,0.300000,1,0
0.70973068,-1.78083801,1.58531392,-0.08249881,-1.95817959,2.59322309,0.300000,1,0
-0.08249881,-1.95817959,2.59322309,-0.95225394,-2.12032485,3.43038464,0.300000,1,0
-0.95225394,-2.12032485,3.43038464,-1.49969888,-1.37634921,4.20991945,0.300000,1,0
-1.49969888,-1.37634921,4.20991945,-1.45197618,-0.41571274,4.98049402,0.300000,1,0
-1.45197618,-0.41571274,4.98049402,-1.78562570,0.40048137,5.78059959,0.300000,1,0
-1.78562570,0.40048137,5.78059959,-1.85369229,1.35783970,6.53811502,0.300000,1,0
-1.85369229,1.35783970,6.53811502,-1.08008301,1.79435480,7.36626434,0.300000,1,0
-1.08008301,1.79435480,7.36626434,-0.24427651,1.82824063,8.31290340,0.300000,1,0
-0.24427651,1.82824063,8.31290340,0.52647704,2.18219495,9.25371456,0.300000,1,0
0.52647704,2.18219495,9.25371456,1.51136184,1.90020657,10.13122940,0.300000,1,0
1.51136184,1.90020657,10.13122940,1.55677903,0.99422455,10.90364075,0.300000,1,0
1.55677903,0.99422455,10.90364075,1.56136715,0.09584736,11.76194954,0.300000,1,0
1.56136715,0.09584736,11.76194954,1.91553879,-0.80556852,12.47502899,0.300000,1,0
1.45000112,-1.49389124,0.75905740,0.51510042,-1.57150042,1.49422693,0.300000,1,0
0.51510042,-1.57150042,1.49422693,-0.26383004,-1.84440184,2.38304782,0.300000,1,0
-0.26383004,-1.84440184,2.38304782,-1.17764914,-2.14390159,3.23381114,0.300000,1,0
-1.17764914,-2.14390159,3.23381114,-1.76938784,-1.48655617,4.13834906,0.300000,1,0
-1.76938784,-1.48655617,4.13834906,-1.70019948,-0.56584918,5.05694199,0.300000,1,0
-1.70019948,-0.56584918,5.05694199,-1.94283187,0.24514011,5.98346758,0.300000,1,0
-1.94283187,0.24514011,5.98346758,-1.88513100,1.13353693,6.73483801,0.300000,1,0
-1.88513100,1.13353693,6.73483801,-1.02010715,1.51399231,7.45458078,0.300000,1,0
-1.02010715,1.51399231,7.45458078,-0.14501803,1.55140626,8.25365448,0.300000,1,0
-0.14501803,1.55140626,8.25365448,0.70253479,2.03002238,9.06438160,0.300000,1,0
0.70253479,2.03002238,9.06438160,1.57942045,1.70837855,9.91084290,0.300000,1,0
1.57942045,1.70837855,9.91084290,1.80753589,0.87154710,10.79377174,0.300000,1,0
1.80753589,0.87154710,10.79377174,1.85653472,0.13220622,11.80137253,0.300000,1,0
1.85653472,0.13220622,11.80137253,2.14016438,-0.71771741,12.65342617,0.300000,1,0
