x1,y1,z1,x2,y2,z2,diameter,k_multiplier,frozen
1.68762767,-0.05715506,0.71830815,1.76311350,-0.22073255,0.92000484,0.200000,1,0
1.76311350,-0.22073255,0.92000484,1.87078309,-0.37654620,1.16084552,0.200000,1,0
1.87078309,-0.37654620,1.16084552,1.98880494,-0.55801988,1.41327310,0.200000,1,0
1.98880494,-0.55801988,1.41327310,2.07679176,-0.78450137,1.65713990,0.200000,1,0
2.07679176,-0.78450137,1.65713990,2.09314728,-1.04954886,1.87062490,0.200000,1,0
2.09314728,-1.04954886,1.87062490,2.01954341,-1.32024348,2.04941392,0.200000,1,0
2.01954341,-1.32024348,2.04941392,1.85334420,-1.55256188,2.20358205,0.200000,1,0
1.85334420,-1.55256188,2.20358205,1.60884392,-1.70236206,2.35084152,0.200000,1,0
1.60884392,-1.70236206,2.35084152,1.31902242,-1.74438691,2.50736594,0.200000,1,0
1.31902242,-1.74438691,2.50736594,1.02520919,-1.69952559,2.68737102,0.200000,1,0
1.02520919,-1.69952559,2.68737102,0.76403099,-1.61078620,2.90068889,0.200000,1,0
0.76403099,-1.61078620,2.90068889,0.56016761,-1.53163183,3.14780951,0.200000,1,0
0.56016761,-1.53163183,3.14780951,0.41215825,-1.50986946,3.41804457,0.200000,1,0
0.41215825,-1.50986946,3.41804457,0.28230372,-1.56523883,3.69185853,0.200000,1,0
0.28230372,-1.56523883,3.69185853,0.12790108,-1.69220817,3.94793868,0.200000,1,0
0.12790108,-1.69220817,3.94793868,-0.07513345,-1.86433733,4.16405725,0.200000,1,0
-0.07513345,-1.86433733,4.16405725,-0.32450876,-2.03169966,4.33891678,0.200000,1,0
-0.32450876,-2.03169966,4.33891678,-0.60042334,-2.14327455,4.48836040,0.200000,1,0
-0.60042334,-2.14327455,4.48836040,-0.87516987,-2.16459990,4.63247919,0.200000,1,0
-0.87516987,-2.16459990,4.63247919,-1.12416875,-2.08129215,4.79318714,0.200000,1,0
-1.12416875,-2.08129215,4.79318714,-1.32385266,-1.91819894,4.98347569,0.200000,1,0
-1.32385266,-1.91819894,4.98347569,-1.46028554,-1.71748114,5.20358753,0.200000,1,0
-1.46028554,-1.71748114,5.20358753,-1.53275347,-1.51372576,5.44239950,0.200000,1,0
-1.53275347,-1.51372576,5.44239950,-1.55118394,-1.32464433,5.68203402,0.200000,1,0
-1.55118394,-1.32464433,5.68203402,-1.55218542,-1.14754689,5.91367006,0.200000,1,0
-1.55218542,-1.14754689,5.91367006,-1.56790888,-0.96957731,6.13233662,0.200000,1,0
-1.56790888,-0.96957731,6.13233662,-1.61285841,-0.77709818,6.33798265,0.200000,1,0
-1.61285841,-0.77709818,6.33798265,-1.68444717,-0.56079763,6.53992510,0.200000,1,0
-1.68444717,-0.56079763,6.53992510,-1.75817585,-0.31955484,6.73722887,0.200000,1,0
-1.75817585,-0.31955484,6.73722887,-1.81565666,-0.06892313,6.92600012,0.200000,1,0
-1.81565666,-0.06892313,6.92600012,-1.86005390,0.17099878,7.10738707,0.200000,1,0
-1.86005390,0.17099878,7.10738707,-1.89924169,0.38703871,7.29397678,0.200000,1,0
-1.89924169,0.38703871,7.29397678,-1.93452299,0.57495290,7.49799252,0.200000,1,0
-1.93452299,0.57495290,7.49799252,-1.96233284,0.74657571,7.72342396,0.200000,1,0
-1.96233284,0.74657571,7.72342396,-1.96658039,0.92442048,7.96823215,0.200000,1,0
-1.96658039,0.92442048,7.96823215,-1.93617809,1.11998391,8.21737289,0.200000,1,0
-1.93617809,1.11998391,8.21737289,-1.86458004,1.32587779,8.44966316,0.200000,1,0
-1.86458004,1.32587779,8.44966316,-1.73806536,1.51871502,8.65093517,0.200000,1,0
-1.73806536,1.51871502,8.65093517,-1.54576755,1.66305971,8.82004738,0.200000,1,0
-1.54576755,1.66305971,8.82004738,-1.29219234,1.74037743,8.96945667,0.200000,1,0
-1.29219234,1.74037743,8.96945667,-0.99978429,1.75161326,9.11907864,0.200000,1,0
-0.99978429,1.75161326,9.11907864,-0.70368773,1.71041059,9.29134941,0.200000,1,0
-0.70368773,1.71041059,9.29134941,-0.44587851,1.64641821,9.50128555,0.200000,1,0
-0.44587851,1.64641821,9.50128555,-0.24757102,1.59445488,9.74469566,0.200000,1,0
-0.24757102,1.59445488,9.74469566,-0.09789094,1.58989835,10.00787926,0.200000,1,0
-0.09789094,1.58989835,10.00787926,0.16407110,1.76226342,10.27027416,0.200000,1,0
0.16407110,1.76226342,10.27027416,0.20507157,1.79305565,10.52340508,0.200000,1,0
0.20507157,1.79305565,10.52340508,0.39795756,1.95234907,10.74676514,0.200000,1,0
0.39795756,1.95234907,10.74676514,0.62102276,2.09108973,10.93932819,0.200000,1,0
0.62102276,2.09108973,10.93932819,0.87239742,2.15967679,11.10778999,0.200000,1,0
0.87239742,2.15967679,11.10778999,1.13983607,2.12595606,11.26618958,0.200000,1,0
1.13983607,2.12595606,11.26618958,1.46763098,1.85244596,11.42908478,0.200000,1,0
1.46763098,1.85244596,11.42908478,1.58936501,1.64705622,11.59281063,0.200000,1,0
1.58936501,1.64705622,11.59281063,1.62401319,1.43124080,11.76949978,0.200000,1,0
1.62401319,1.43124080,11.76949978,1.59078896,1.21514535,11.97054672,0.200000,1,0
1.59078896,1.21514535,11.97054672,1.53710389,1.00638175,12.19985771,0.200000,1,0
1.53710389,1.00638175,12.19985771,1.50628066,0.81156701,12.44988537,0.200000,1,0
1.50628066,0.81156701,12.44988537,1.53073728,0.63114548,12.71011543,0.200000,1,0
1.53073728,0.63114548,12.71011543,1.61334014,0.45232916,12.96874428,0.200000,1,0
1.61334014,0.45232916,12.96874428,1.72573018,0.26202571,13.20599842,0.200000,1,0
