x1,y1,z1,x2,y2,z2,diameter,k_multiplier,frozen
-0.08454283,-1.86942959,0.69272095,-0.95429659,-2.23450065,1.58320439,0.300000,1,0
-0.95429659,-2.23450065,1.58320439,-1.64941168,-1.68344474,2.48297954,0.300000,1,0
-1.64941168,-1.68344474,2.48297954,-1.58698273,-0.71667677,3.33979154,0.300000,1,0
-1.58698273,-0.71667677,3.33979154,-1.76018357,0.10312648,4.24080992,0.300000,1,0
-1.76018357,0.10312648,4.24080992,-1.88673842,1.01712322,4.95241213,0.300000,1,0
-1.88673842,1.01712322,4.95241213,-1.14888716,1.59059930,5.68465137,0.300000,1,0
-1.14888716,1.59059930,5.68465137,-0.26250541,1.62410033,6.48067570,0.300000,1,0
-0.26250541,1.62410033,6.48067570,0.51938468,2.05904746,7.37075424,0.300000,1,0
0.51938468,2.05904746,7.37075424,1.49839294,1.88147521,8.25402164,0.300000,1,0
1.49839294,1.88147521,8.25402164,1.80069137,1.11553907,9.14365482,0.300000,1,0
1.80069137,1.11553907,9.14365482,1.72345722,0.31145838,10.09779549,0.300000,1,0
1.72345722,0.31145838,10.09779549,2.00783896,-0.52567309,10.93087292,0.300000,1,0
2.00783896,-0.52567309,10.93087292,1.64350235,-1.36560142,11.67345333,0.300000,1,0
1.64350235,-1.36560142,11.67345333,0.69930363,-1.50472963,12.38138294,0.300000,1,0
