x1,y1,z1,x2,y2,z2,diameter,k_multiplier,frozen
-0.08454283,-1.86942959,0.69272095,-0.95429659,-2.23450065,1.58320439,0.300000,1,0
-0.95429659,-2.23450065,1.58320439,-1.64941168,-1.68344474,2.48297954,0.300000,1,0
-1.64941168,-1.68344474,2.48297954,-1.58698273,-0.71667677,3.33979154,0.300000,1,0
-1.58698273,-0.71667677,3.33979154,-1.76018357,0.10312648,4.24080992,0.300000,1,0
-1.76018357,0.10312648,4.24080992,-1.88673842,1.01712322,4.95241213,0.300000,1,0
-1.88673842,1.01712322,4.95241213,-1.14888716,1.59059930,5.68465137,0.300000,1,0
-1.14888716,1.59059930,5.68465137,-0.26250541,1.62410033,6.48067570,0.300000,1,0
-0.26250541,1.62410033,6.48067570,0.51938468,2.05904746,7.37075424,0.300000,1,0
0.51938468,2.05904746,7.37075424,1.49839294,1.88147521,8.25402164,0.300000,1,0
1.49839294,1.88147521,8.25402164,1.80069137,1.11553907,9.14365482,0.300000,1,0
1.80069137,1.11553907,9.14365482,1.72345722,0.31145838,10.09779549,0.300000,1,0
1.72345722,0.31145838,10.09779549,2.00783896,-0.52567309,10.93087292,0.300000,1,0
2.00783896,-0.52567309,10.93087292,1.64350235,-1.36560142,11.67345333,0.300000,1,0
1.64350235,-1.36560142,11.67345333,0.69930363,-1.50472963,12.38138294,0.300000,1,0
-0.02743368,-1.58164620,0.75532490,-0.93571568,-1.95249963,1.48255575,0.300000,1,0
-0.93571568,-1.95249963,1.48255575,-1.72709048,-1.45797873,2.30096006,0.300000,1,0
-1.72709048,-1.45797873,2.30096006,-1.77277017,-0.56921232,3.15611434,0.300000,1,0
-1.77277017,-0.56921232,3.15611434,-2.02829885,0.20848867,4.15706682,0.300000,1,0
-2.02829885,0.20848867,4.15706682,-2.16852546,1.08374178,5.03088570,0.300000,1,0
-2.16852546,1.08374178,5.03088570,-1.39225042,1.56003249,5.85739422,0.300000,1,0
-1.39225042,1.56003249,5.85739422,-0.43712303,1.48340714,6.67995977,0.300000,1,0
-0.43712303,1.48340714,6.67995977,0.42701322,1.79334593,7.47501421,0.300000,1,0
0.42701322,1.79334593,7.47501421,1.20990932,1.82528210,8.19385910,0.300000,1,0
1.20990932,1.82528210,8.19385910,1.64851868,0.92897671,8.96466255,0.300000,1,0
1.64851868,0.92897671,8.96466255,1.79151583,0.10569824,9.89035702,0.300000,1,0
1.79151583,0.10569824,9.89035702,2.21381903,-0.70611358,10.80834293,0.300000,1,0
2.21381903,-0.70611358,10.80834293,1.89306414,-1.52831948,11.70869160,0.300000,1,0
1.89306414,-1.52831948,11.70869160,0.94363123,-1.57949471,12.53859043,0.300000,1,0
