x1,y1,z1,x2,y2,z2,diameter,k_multiplier,frozen
2.15737844,-0.02073485,0.66859162,2.22290492,0.87730765,1.61699331,0.300000,1,0
2.22290492,0.87730765,1.61699331,1.31750560,1.35038507,2.36666465,0.300000,1,0
1.31750560,1.35038507,2.36666465,0.56552070,1.91970575,3.24311948,0.300000,1,0
0.56552070,1.91970575,3.24311948,-0.32659963,2.19803786,4.02612066,0.300000,1,0
-0.32659963,2.19803786,4.02612066,-0.97375816,1.68645346,4.91644144,0.300000,1,0
-0.97375816,1.68645346,4.91644144,-1.19027913,0.94971621,5.84862566,0.300000,1,0
-1.19027913,0.94971621,5.84862566,-1.88226509,0.47095317,6.79884386,0.300000,1,0
-1.88226509,0.47095317,6.79884386,-2.36540508,-0.37614587,7.59203815,0.300000,1,0
-2.36540508,-0.37614587,7.59203815,-1.78656447,-1.15419245,8.33034897,0.300000,1,0
-1.78656447,-1.15419245,8.33034897,-0.88649827,-1.62142217,9.13878536,0.300000,1,0
-0.88649827,-1.62142217,9.13878536,-0.11214335,-2.22826791,9.90367794,0.300000,1,0
-0.11214335,-2.22826791,9.90367794,0.81789637,-2.12178731,10.71873760,0.300000,1,0
0.81789637,-2.12178731,10.71873760,1.15274203,-1.23519385,11.56149960,0.300000,1,0
1.15274203,-1.23519385,11.56149960,1.44114006,-0.62761003,12.55977821,0.300000,1,0
