x1,y1,z1,x2,y2,z2,diameter,k_multiplier,frozen
-1.23662484,1.08924961,0.69573283,-1.49919558,0.55367804,1.57478261,0.300000,1,0
-1.49919558,0.55367804,1.57478261,-2.06800461,0.08692563,2.36207342,0.300000,1,0
-2.06800461,0.08692563,2.36207342,-2.10905385,-0.63466322,3.14075255,0.300000,1,0
-2.10905385,-0.63466322,3.14075255,-1.53181219,-1.08738303,3.84858847,0.300000,1,0
-1.53181219,-1.08738303,3.84858847,-0.90814751,-1.57876492,4.63792133,0.300000,1,0
-0.90814751,-1.57876492,4.63792133,-0.25405243,-2.28376126,5.29926491,0.300000,1,0
-0.25405243,-2.28376126,5.29926491,0.67643583,-2.37980652,5.94087982,0.300000,1,0
0.67643583,-2.37980652,5.94087982,1.25056267,-1.62126839,6.60130787,0.300000,1,0
1.25056267,-1.62126839,6.60130787,1.42769170,-0.79160887,7.36318254,0.300000,1,0
1.42769170,-0.79160887,7.36318254,1.84467256,-0.27872857,8.17271709,0.300000,1,0
1.84467256,-0.27872857,8.17271709,2.12360787,0.36772630,8.95614624,0.300000,1,0
2.12360787,0.36772630,8.95614624,1.69546926,0.93349665,9.70977306,0.300000,1,0
1.69546926,0.93349665,9.70977306,1.02042961,1.16753983,10.49911404,0.300000,1,0
1.02042961,1.16753983,10.49911404,0.57728285,1.67140925,11.31188583,0.300000,1,0
0.57728285,1.67140925,11.31188583,-0.10055725,2.44305682,11.97592831,0.300000,1,0
-0.10055725,2.44305682,11.97592831,-1.01049340,2.16317296,12.63675976,0.300000,1,0
