x1,y1,z1,x2,y2,z2,diameter,k_multiplier,frozen
1.23824894,-1.38562417,0.87506354,1.78854728,-0.73219776,1.64116216,0.300000,1,0
1.78854728,-0.73219776,1.64116216,2.39003992,-0.00557456,2.26371098,0.300000,1,0
2.39003992,-0.00557456,2.26371098,2.24040556,0.89838475,2.96537733,0.300000,1,0
2.24040556,0.89838475,2.96537733,1.40875947,1.33431780,3.67340994,0.300000,1,0
1.40875947,1.33431780,3.67340994,0.65499026,1.60377419,4.47051144,0.300000,1,0
0.65499026,1.60377419,4.47051144,0.04919918,2.13759542,5.27751160,0.300000,1,0
0.04919918,2.13759542,5.27751160,-0.67643583,2.37980652,5.94087982,0.300000,1,0
-0.67643583,2.37980652,5.94087982,-1.25056267,1.62126839,6.60130787,0.300000,1,0
-1.25056267,1.62126839,6.60130787,-1.42769170,0.79160887,7.36318254,0.300000,1,0
-1.42769170,0.79160887,7.36318254,-1.84467256,0.27872857,8.17271709,0.300000,1,0
-1.84467256,0.27872857,8.17271709,-2.12563801,-0.34036005,8.95610428,0.300000,1,0
-2.12563801,-0.34036005,8.95610428,-1.75243330,-0.89364940,9.73994255,0.300000,1,0
-1.75243330,-0.89364940,9.73994255,-1.13283503,-1.19652319,10.52501869,0.300000,1,0
-1.13283503,-1.19652319,10.52501869,-0.63336015,-1.83575857,11.33892632,0.300000,1,0
-0.63336015,-1.83575857,11.33892632,0.10055725,-2.44305682,11.97592831,0.300000,1,0
0.10055725,-2.44305682,11.97592831,1.01049340,-2.16317296,12.63675976,0.300000,1,0
