x1,y1,z1,x2,y2,z2,diameter,k_multiplier,frozen
1.34279525,1.13400066,0.83650613,0.81018746,1.60922420,1.63673282,0.300000,1,0
0.81018746,1.60922420,1.63673282,0.20638934,2.29466486,2.31970811,0.300000,1,0
0.20638934,2.29466486,2.31970811,-0.63466322,2.10905385,3.14075255,0.300000,1,0
-0.63466322,2.10905385,3.14075255,-1.08738303,1.53181219,3.84858847,0.300000,1,0
-1.08738303,1.53181219,3.84858847,-1.57876492,0.90814751,4.63792133,0.300000,1,0
-1.57876492,0.90814751,4.63792133,-2.28376126,0.25405243,5.29926491,0.300000,1,0
-2.28376126,0.25405243,5.29926491,-2.37980652,-0.67643583,5.94087982,0.300000,1,0
-2.37980652,-0.67643583,5.94087982,-1.62126839,-1.25056267,6.60130787,0.300000,1,0
-1.62126839,-1.25056267,6.60130787,-0.79160887,-1.42769170,7.36318254,0.300000,1,0
-0.79160887,-1.42769170,7.36318254,-0.27872857,-1.84467256,8.17271709,0.300000,1,0
-0.27872857,-1.84467256,8.17271709,0.34036005,-2.12563801,8.95610428,0.300000,1,0
0.34036005,-2.12563801,8.95610428,0.89364940,-1.75243330,9.73994255,0.300000,1,0
0.89364940,-1.75243330,9.73994255,1.19652319,-1.13283503,10.52501869,0.300000,1,0
1.19652319,-1.13283503,10.52501869,1.83575857,-0.63336015,11.33892632,0.300000,1,0
1.83575857,-0.63336015,11.33892632,2.20737624,0.12110024,12.06078911,0.300000,1,0
2.20737624,0.12110024,12.06078911,2.18543100,0.94347852,12.64192581,0.300000,1,0
