x1,y1,z1,x2,y2,z2,diameter,k_multiplier,frozen
1.58703721,1.47830713,0.65391862,1.61007094,0.52048331,1.47742987,0.300000,1,0
1.61007094,0.52048331,1.47742987,1.80016148,-0.26202929,2.38108182,0.300000,1,0
1.80016148,-0.26202929,2.38108182,1.98188281,-1.15048277,3.18231678,0.300000,1,0
1.98188281,-1.15048277,3.18231678,1.24805999,-1.71838462,4.01367569,0.300000,1,0
1.24805999,-1.71838462,4.01367569,0.31772566,-1.63184333,4.84384966,0.300000,1,0
0.31772566,-1.63184333,4.84384966,-0.46811146,-1.88905036,5.72747660,0.300000,1,0
-0.46811146,-1.88905036,5.72747660,-1.35940671,-1.85549188,6.53780127,0.300000,1,0
-1.35940671,-1.85549188,6.53780127,-1.69851649,-0.99340010,7.35154533,0.300000,1,0
-1.69851649,-0.99340010,7.35154533,-1.63634789,-0.12666059,8.22179031,0.300000,1,0
-1.63634789,-0.12666059,8.22179031,-1.95914125,0.68034530,9.06632042,0.300000,1,0
-1.95914125,0.68034530,9.06632042,-1.67657530,1.52769983,9.89497757,0.300000,1,0
-1.67657530,1.52769983,9.89497757,-0.74300516,1.65022302,10.69424343,0.300000,1,0
-0.74300516,1.65022302,10.69424343,0.05617584,1.67366076,11.59745026,0.300000,1,0
0.05617584,1.67366076,11.59745026,0.76127964,1.93995452,12.44344234,0.300000,1,0
