x1,y1,z1,x2,y2,z2,diameter,k_multiplier,frozen
-1.86942959,0.08454283,0.69272095,-2.23450065,0.95429659,1.58320439,0.300000,1,0
-2.23450065,0.95429659,1.58320439,-1.68344474,1.64941168,2.48297954,0.300000,1,0
-1.68344474,1.64941168,2.48297954,-0.71667677,1.58698273,3.33979154,0.300000,1,0
-0.71667677,1.58698273,3.33979154,0.11568392,1.74949288,4.24203634,0.300000,1,0
0.11568392,1.74949288,4.24203634,0.94399953,2.04717422,4.95130730,0.300000,1,0
0.94399953,2.04717422,4.95130730,1.51289380,1.22871482,5.67517805,0.300000,1,0
1.51289380,1.22871482,5.67517805,1.59511936,0.26312926,6.48479080,0.300000,1,0
1.59511936,0.26312926,6.48479080,2.03649640,-0.53717017,7.37120581,0.300000,1,0
2.03649640,-0.53717017,7.37120581,2.03054881,-1.45158792,8.25595856,0.300000,1,0
2.03054881,-1.45158792,8.25595856,1.19063950,-1.74150717,9.13878155,0.300000,1,0
1.19063950,-1.74150717,9.13878155,0.31388602,-1.70992935,10.10034180,0.300000,1,0
0.31388602,-1.70992935,10.10034180,-0.52567309,-2.00783896,10.93087292,0.300000,1,0
-0.52567309,-2.00783896,10.93087292,-1.36560142,-1.64350235,11.67345333,0.300000,1,0
-1.36560142,-1.64350235,11.67345333,-1.50472963,-0.69930363,12.38138294,0.300000,1,0
