x1,y1,z1,x2,y2,z2,diameter,k_multiplier,frozen
1.58703721,1.47830713,0.65391862,1.61007094,0.52048331,1.47742987,0.300000,1,0
1.61007094,0.52048331,1.47742987,1.80016148,-0.26202929,2.38108182,0.300000,1,0
1.80016148,-0.26202929,2.38108182,1.98188281,-1.15048277,3.18231678,0.300000,1,0
1.98188281,-1.15048277,3.18231678,1.24805999,-1.71838462,4.01367569,0.300000,1,0
1.24805999,-1.71838462,4.01367569,0.31772566,-1.63184333,4.84384966,0.300000,1,0
0.31772566,-1.63184333,4.84384966,-0.46811146,-1.88905036,5.72747660,0.300000,1,0
-0.46811146,-1.88905036,5.72747660,-1.35940671,-1.85549188,6.53780127,0.300000,1,0
-1.35940671,-1.85549188,6.53780127,-1.69851649,-0.99340010,7.35154533,0.300000,1,0
-1.69851649,-0.99340010,7.35154533,-1.63634789,-0.12666059,8.22179031,0.300000,1,0
-1.63634789,-0.12666059,8.22179031,-1.95914125,0.68034530,9.06632042,0.300000,1,0
-1.95914125,0.68034530,9.06632042,-1.67657530,1.52769983,9.89497757,0.300000,1,0
-1.67657530,1.52769983,9.89497757,-0.74300516,1.65022302,10.69424343,0.300000,1,0
-0.74300516,1.65022302,10.69424343,0.05617584,1.67366076,11.59745026,0.300000,1,0
0.05617584,1.67366076,11.59745026,0.76127964,1.93995452,12.44344234,0.300000,1,0
1.44300592,1.64955974,0.85373741,1.47208333,0.72149515,1.65222597,0.300000,1,0
1.47208333,0.72149515,1.65222597,1.68330407,-0.07131036,2.58100843,0.300000,1,0
1.68330407,-0.07131036,2.58100843,1.95634472,-0.92475873,3.37826681,0.300000,1,0
1.95634472,-0.92475873,3.37826681,1.33568096,-1.49100184,4.18866014,0.300000,1,0
1.33568096,-1.49100184,4.18866014,0.48099545,-1.46996117,5.03655958,0.300000,1,0
0.48099545,-1.46996117,5.03655958,-0.26476705,-1.81836057,5.93641186,0.300000,1,0
-0.26476705,-1.81836057,5.93641186,-1.13377488,-1.88309455,6.73357773,0.300000,1,0
-1.13377488,-1.88309455,6.73357773,-1.49717057,-1.12309599,7.53220749,0.300000,1,0
-1.49717057,-1.12309599,7.53220749,-1.52047193,-0.31079099,8.42835522,0.300000,1,0
-1.52047193,-0.31079099,8.42835522,-1.93489170,0.47262183,9.28140831,0.300000,1,0
-1.93489170,0.47262183,9.28140831,-1.75599837,1.31302571,10.08890343,0.300000,1,0
-1.75599837,1.31302571,10.08890343,-0.90865672,1.48453283,10.88161087,0.300000,1,0
-0.90865672,1.48453283,10.88161087,-0.13954379,1.60645282,11.81465244,0.300000,1,0
-0.13954379,1.60645282,11.81465244,0.70721000,2.19376898,12.59395695,0.300000,1,0
