x1,y1,z1,x2,y2,z2,diameter,k_multiplier,frozen
-1.60781133,1.74306822,0.70422339,-0.70973068,1.78083801,1.58531392,0.300000,1,0
-0.70973068,1.78083801,1.58531392,0.07267089,1.95248485,2.59412265,0.300000,1,0
0.07267089,1.95248485,2.59412265,1.06804967,2.18244863,3.41740680,0.300000,1,0
1.06804967,2.18244863,3.41740680,1.54242349,1.45506716,4.22393847,0.300000,1,0
1.54242349,1.45506716,4.22393847,1.45074737,0.46208432,4.97988510,0.300000,1,0
1.45074737,0.46208432,4.97988510,1.78562570,-0.40048137,5.78059959,0.300000,1,0
1.78562570,-0.40048137,5.78059959,1.85369229,-1.35783970,6.53811502,0.300000,1,0
1.85369229,-1.35783970,6.53811502,1.08008301,-1.79435480,7.36626434,0.300000,1,0
1.08008301,-1.79435480,7.36626434,0.24427651,-1.82824063,8.31290340,0.300000,1,0
0.24427651,-1.82824063,8.31290340,-0.57151282,-2.19207525,9.25474930,0.300000,1,0
-0.57151282,-2.19207525,9.25474930,-1.39716804,-1.90842021,10.11678028,0.300000,1,0
-1.39716804,-1.90842021,10.11678028,-1.50981617,-0.94669974,10.89959145,0.300000,1,0
-1.50981617,-0.94669974,10.89959145,-1.56017184,-0.09023834,11.76219845,0.300000,1,0
-1.56017184,-0.09023834,11.76219845,-1.91553879,0.80556852,12.47502899,0.300000,1,0
-1.45000112,1.49389124,0.75905740,-0.51510042,1.57150042,1.49422693,0.300000,1,0
-0.51510042,1.57150042,1.49422693,0.26007226,1.85371661,2.38169479,0.300000,1,0
0.26007226,1.85371661,2.38169479,1.19184172,1.97340333,3.24140787,0.300000,1,0
1.19184172,1.97340333,3.24140787,1.82050693,1.37917471,4.14081240,0.300000,1,0
1.82050693,1.37917471,4.14081240,1.72976470,0.54394871,5.05369234,0.300000,1,0
1.72976470,0.54394871,5.05369234,1.94283187,-0.24514011,5.98346758,0.300000,1,0
1.94283187,-0.24514011,5.98346758,1.88513100,-1.13353693,6.73483801,0.300000,1,0
1.88513100,-1.13353693,6.73483801,1.02010715,-1.51399231,7.45458078,0.300000,1,0
1.02010715,-1.51399231,7.45458078,0.14501803,-1.55140626,8.25365448,0.300000,1,0
0.14501803,-1.55140626,8.25365448,-0.69532490,-1.99809825,9.06228256,0.300000,1,0
-0.69532490,-1.99809825,9.06228256,-1.60885823,-1.82359183,9.92186642,0.300000,1,0
-1.60885823,-1.82359183,9.92186642,-1.79053307,-0.95412594,10.79403210,0.300000,1,0
-1.79053307,-0.95412594,10.79403210,-1.85400498,-0.13595369,11.80184841,0.300000,1,0
-1.85400498,-0.13595369,11.80184841,-2.14016438,0.71771741,12.65342617,0.300000,1,0
