x1,y1,z1,x2,y2,z2,diameter,k_multiplier,frozen
-1.45000005,0.00000000,0.78539819,-2.35589290,0.97584277,1.57079637,1.000000,1,0
-2.35589290,0.97584277,1.57079637,-1.80312228,1.80312228,2.35619450,1.000000,1,0
-1.80312228,1.80312228,2.35619450,-0.55489099,1.33962536,3.14159274,1.000000,1,0
-0.55489099,1.33962536,3.14159274,0.00000000,1.45000005,3.92699075,1.000000,1,0
0.00000000,1.45000005,3.92699075,0.97584277,2.35589290,4.71238899,1.000000,1,0
0.97584277,2.35589290,4.71238899,1.80312228,1.80312228,5.49778700,1.000000,1,0
1.80312228,1.80312228,5.49778700,1.33962536,0.55489099,6.28318548,1.000000,1,0
1.33962536,0.55489099,6.28318548,1.45000005,0.00000000,7.06858349,1.000000,1,0
1.45000005,0.00000000,7.06858349,2.35589290,-0.97584277,7.85398149,1.000000,1,0
2.35589290,-0.97584277,7.85398149,1.80312228,-1.80312228,8.63937950,1.000000,1,0
1.80312228,-1.80312228,8.63937950,0.55489099,-1.33962536,9.42477798,1.000000,1,0
0.55489099,-1.33962536,9.42477798,-0.00000000,-1.45000005,10.21017647,1.000000,1,0
-0.00000000,-1.45000005,10.21017647,-0.97584277,-2.35589290,10.99557400,1.000000,1,0
-0.97584277,-2.35589290,10.99557400,-1.80312228,-1.80312228,11.78097248,1.000000,1,0
-1.80312228,-1.80312228,11.78097248,-1.33962536,-0.55489099,12.56637096,1.000000,1,0
-1.33962536,-0.55489099,12.56637096,-1.45000005,0.00000000,13.35176849,1.000000,1,0
