x1,y1,z1,x2,y2,z2,diameter,k_multiplier,frozen
-1.02530479,1.02530479,0.78539819,-1.33962536,0.55489099,1.57079637,1.000000,1,0
-1.33962536,0.55489099,1.57079637,-2.54999995,0.00000000,2.35619450,1.000000,1,0
-2.54999995,0.00000000,2.35619450,-2.35589290,-0.97584277,3.14159274,1.000000,1,0
-2.35589290,-0.97584277,3.14159274,-1.02530479,-1.02530479,3.92699075,1.000000,1,0
-1.02530479,-1.02530479,3.92699075,-0.55489099,-1.33962536,4.71238899,1.000000,1,0
-0.55489099,-1.33962536,4.71238899,-0.00000000,-2.54999995,5.49778700,1.000000,1,0
-0.00000000,-2.54999995,5.49778700,0.97584277,-2.35589290,6.28318548,1.000000,1,0
0.97584277,-2.35589290,6.28318548,1.02530479,-1.02530479,7.06858349,1.000000,1,0
1.02530479,-1.02530479,7.06858349,1.33962536,-0.55489099,7.85398149,1.000000,1,0
1.33962536,-0.55489099,7.85398149,2.54999995,0.00000000,8.63937950,1.000000,1,0
2.54999995,0.00000000,8.63937950,2.35589290,0.97584277,9.42477798,1.000000,1,0
2.35589290,0.97584277,9.42477798,1.02530479,1.02530479,10.21017647,1.000000,1,0
1.02530479,1.02530479,10.21017647,0.55489099,1.33962536,10.99557400,1.000000,1,0
0.55489099,1.33962536,10.99557400,0.00000000,2.54999995,11.78097248,1.000000,1,0
0.00000000,2.54999995,11.78097248,-0.97584277,2.35589290,12.56637096,1.000000,1,0
-0.97584277,2.35589290,12.56637096,-1.02530479,1.02530479,13.35176849,1.000000,1,0
