x1,y1,z1,x2,y2,z2,diameter,k_multiplier,frozen
0.00000000,2.54999995,0.78539819,-0.97584277,2.35589290,1.57079637,1.000000,1,0
-0.97584277,2.35589290,1.57079637,-1.02530479,1.02530479,2.35619450,1.000000,1,0
-1.02530479,1.02530479,2.35619450,-1.33962536,0.55489099,3.14159274,1.000000,1,0
-1.33962536,0.55489099,3.14159274,-2.54999995,0.00000000,3.92699075,1.000000,1,0
-2.54999995,0.00000000,3.92699075,-2.35589290,-0.97584277,4.71238899,1.000000,1,0
-2.35589290,-0.97584277,4.71238899,-1.02530479,-1.02530479,5.49778700,1.000000,1,0
-1.02530479,-1.02530479,5.49778700,-0.55489099,-1.33962536,6.28318548,1.000000,1,0
-0.55489099,-1.33962536,6.28318548,-0.00000000,-2.54999995,7.06858349,1.000000,1,0
-0.00000000,-2.54999995,7.06858349,0.97584277,-2.35589290,7.85398149,1.000000,1,0
0.97584277,-2.35589290,7.85398149,1.02530479,-1.02530479,8.63937950,1.000000,1,0
1.02530479,-1.02530479,8.63937950,1.33962536,-0.55489099,9.42477798,1.000000,1,0
1.33962536,-0.55489099,9.42477798,2.54999995,0.00000000,10.21017647,1.000000,1,0
2.54999995,0.00000000,10.21017647,2.35589290,0.97584277,10.99557400,1.000000,1,0
2.35589290,0.97584277,10.99557400,1.02530479,1.02530479,11.78097248,1.000000,1,0
1.02530479,1.02530479,11.78097248,0.55489099,1.33962536,12.56637096,1.000000,1,0
0.55489099,1.33962536,12.56637096,0.00000000,2.54999995,13.35176849,1.000000,1,0
