x1,y1,z1,x2,y2,z2,diameter,k_multiplier,frozen
2.15737844,-0.02073485,0.66859162,2.22290492,0.87730765,1.61699331,0.300000,1,0
2.22290492,0.87730765,1.61699331,1.31750560,1.35038507,2.36666465,0.300000,1,0
1.31750560,1.35038507,2.36666465,0.56552070,1.91970575,3.24311948,0.300000,1,0
0.56552070,1.91970575,3.24311948,-0.32659963,2.19803786,4.02612066,0.300000,1,0
-0.32659963,2.19803786,4.02612066,-0.97375816,1.68645346,4.91644144,0.300000,1,0
-0.97375816,1.68645346,4.91644144,-1.19027913,0.94971621,5.84862566,0.300000,1,0
-1.19027913,0.94971621,5.84862566,-1.88226509,0.47095317,6.79884386,0.300000,1,0
-1.88226509,0.47095317,6.79884386,-2.36540508,-0.37614587,7.59203815,0.300000,1,0
-2.36540508,-0.37614587,7.59203815,-1.78656447,-1.15419245,8.33034897,0.300000,1,0
-1.78656447,-1.15419245,8.33034897,-0.88649827,-1.62142217,9.13878536,0.300000,1,0
-0.88649827,-1.62142217,9.13878536,-0.11214335,-2.22826791,9.90367794,0.300000,1,0
-0.11214335,-2.22826791,9.90367794,0.81789637,-2.12178731,10.71873760,0.300000,1,0
0.81789637,-2.12178731,10.71873760,1.15274203,-1.23519385,11.56149960,0.300000,1,0
1.15274203,-1.23519385,11.56149960,1.44114006,-0.62761003,12.55977821,0.300000,1,0
2.22305059,-0.00603308,0.95455873,1.95059919,0.76272213,1.66914451,0.300000,1,0
1.95059919,0.76272213,1.66914451,1.20134151,1.10947943,2.50257015,0.300000,1,0
1.20134151,1.10947943,2.50257015,0.66627961,1.68363321,3.39841723,0.300000,1,0
0.66627961,1.68363321,3.39841723,-0.25535837,2.47159815,4.12656689,0.300000,1,0
-0.25535837,2.47159815,4.12656689,-1.16493118,1.91272080,4.86894464,0.300000,1,0
-1.16493118,1.91272080,4.86894464,-1.42898524,0.90286654,5.67305660,0.300000,1,0
-1.42898524,0.90286654,5.67305660,-1.87208593,0.26801404,6.57813597,0.300000,1,0
-1.87208593,0.26801404,6.57813597,-2.10738492,-0.46023270,7.46415186,0.300000,1,0
-2.10738492,-0.46023270,7.46415186,-1.54906118,-0.97140795,8.34384155,0.300000,1,0
-1.54906118,-0.97140795,8.34384155,-0.91445929,-1.36754465,9.29615307,0.300000,1,0
-0.91445929,-1.36754465,9.29615307,-0.31091759,-2.20347881,10.12700367,0.300000,1,0
-0.31091759,-2.20347881,10.12700367,0.71732438,-2.36214805,10.86743927,0.300000,1,0
0.71732438,-2.36214805,10.86743927,1.32672048,-1.47866011,11.58284569,0.300000,1,0
1.32672048,-1.47866011,11.58284569,1.71087396,-0.61300308,12.42927742,0.300000,1,0
2.36957097,0.02676793,0.73304421,1.97772372,1.03465366,1.54538059,0.300000,1,0
1.97772372,1.03465366,1.54538059,1.01988351,1.31755197,2.38518715,0.300000,1,0
1.01988351,1.31755197,2.38518715,0.37118456,1.72876930,3.36872482,0.300000,1,0
0.37118456,1.72876930,3.36872482,-0.11881286,2.22983098,4.24016237,0.300000,1,0
-0.11881286,2.22983098,4.24016237,-0.93061143,1.95034087,5.05246258,0.300000,1,0
-0.93061143,1.95034087,5.05246258,-1.42410600,1.13731050,5.86017227,0.300000,1,0
-1.42410600,1.13731050,5.86017227,-2.13425851,0.39044341,6.65736055,0.300000,1,0
-2.13425851,0.39044341,6.65736055,-2.36378670,-0.59613961,7.38807726,0.300000,1,0
-2.36378670,-0.59613961,7.38807726,-1.53938723,-1.21752751,8.17257690,0.300000,1,0
-1.53938723,-1.21752751,8.17257690,-0.69982523,-1.39213204,9.08799934,0.300000,1,0
-0.69982523,-1.39213204,9.08799934,-0.18358806,-1.95760059,10.01154327,0.300000,1,0
-0.18358806,-1.95760059,10.01154327,0.58510000,-2.09565568,10.90614891,0.300000,1,0
0.58510000,-2.09565568,10.90614891,1.07123923,-1.46267784,11.73928642,0.300000,1,0
1.07123923,-1.46267784,11.73928642,1.66130912,-0.81055033,12.64954662,0.300000,1,0
