x1,y1,z1,x2,y2,z2,diameter,k_multiplier,frozen
-0.08686715,-2.36680651,0.87926149,0.94938785,-2.21336198,1.62063015,0.300000,1,0
0.94938785,-2.21336198,1.62063015,1.41308081,-1.21699786,2.34812975,0.300000,1,0
1.41308081,-1.21699786,2.34812975,1.83998477,-0.43439114,3.20990014,0.300000,1,0
1.83998477,-0.43439114,3.20990014,2.20795751,0.33905524,4.02878332,0.300000,1,0
2.20795751,0.33905524,4.02878332,1.68298328,1.06649685,4.92933369,0.300000,1,0
1.68298328,1.06649685,4.92933369,0.84209043,1.28358543,5.83861637,0.300000,1,0
0.84209043,1.28358543,5.83861637,0.31510538,1.81214166,6.73740387,0.300000,1,0
0.31510538,1.81214166,6.73740387,-0.37614587,2.36540508,7.59203815,0.300000,1,0
-0.37614587,2.36540508,7.59203815,-1.15419245,1.78656447,8.33034897,0.300000,1,0
-1.15419245,1.78656447,8.33034897,-1.62142217,0.88649827,9.13878536,0.300000,1,0
-1.62142217,0.88649827,9.13878536,-2.22826791,0.11214335,9.90367794,0.300000,1,0
-2.22826791,0.11214335,9.90367794,-2.12178731,-0.81789637,10.71873760,0.300000,1,0
-2.12178731,-0.81789637,10.71873760,-1.23519385,-1.15274203,11.56149960,0.300000,1,0
-1.23519385,-1.15274203,11.56149960,-0.62761003,-1.44114006,12.55977821,0.300000,1,0
-0.02527516,-2.08083940,0.81270897,0.75272059,-2.00194287,1.70201731,0.300000,1,0
0.75272059,-2.00194287,1.70201731,1.18762863,-1.28774524,2.53297067,0.300000,1,0
1.18762863,-1.28774524,2.53297067,1.88217044,-0.64404517,3.42029405,0.300000,1,0
1.88217044,-0.64404517,3.42029405,2.47291851,0.23799984,4.12667847,0.300000,1,0
2.47291851,0.23799984,4.12667847,1.97350919,1.13634908,4.90258789,0.300000,1,0
1.97350919,1.13634908,4.90258789,1.00616741,1.48975861,5.69518900,0.300000,1,0
1.00616741,1.48975861,5.69518900,0.26688227,2.08768892,6.62901449,0.300000,1,0
0.26688227,2.08768892,6.62901449,-0.46023270,2.10738492,7.46415186,0.300000,1,0
-0.46023270,2.10738492,7.46415186,-0.97140795,1.54906118,8.34384155,0.300000,1,0
-0.97140795,1.54906118,8.34384155,-1.36754465,0.91445929,9.29615307,0.300000,1,0
-1.36754465,0.91445929,9.29615307,-2.20347881,0.31091759,10.12700367,0.300000,1,0
-2.20347881,0.31091759,10.12700367,-2.36214805,-0.71732438,10.86743927,0.300000,1,0
-2.36214805,-0.71732438,10.86743927,-1.47866011,-1.32672048,11.58284569,0.300000,1,0
-1.47866011,-1.32672048,11.58284569,-0.61300308,-1.71087396,12.42927742,0.300000,1,0
0.11214231,-2.30235386,0.66422409,0.97257501,-1.93592322,1.50887108,0.300000,1,0
0.97257501,-1.93592322,1.50887108,1.17670703,-1.03398752,2.37332177,0.300000,1,0
1.17670703,-1.03398752,2.37332177,1.60995293,-0.52454853,3.38006759,0.300000,1,0
1.60995293,-0.52454853,3.38006759,2.21859097,0.12371580,4.23738813,0.300000,1,0
2.21859097,0.12371580,4.23738813,1.89302266,0.86645484,5.00592709,0.300000,1,0
1.89302266,0.86645484,5.00592709,1.14163542,1.27002633,5.84804916,0.300000,1,0
1.14163542,1.27002633,5.84804916,0.54742295,1.98877907,6.66792202,0.300000,1,0
0.54742295,1.98877907,6.66792202,-0.59613961,2.36378670,7.38807726,0.300000,1,0
-0.59613961,2.36378670,7.38807726,-1.21752751,1.53938723,8.17257690,0.300000,1,0
-1.21752751,1.53938723,8.17257690,-1.39213204,0.69982523,9.08799934,0.300000,1,0
-1.39213204,0.69982523,9.08799934,-1.95760059,0.18358806,10.01154327,0.300000,1,0
-1.95760059,0.18358806,10.01154327,-2.09565568,-0.58510000,10.90614891,0.300000,1,0
-2.09565568,-0.58510000,10.90614891,-1.46267784,-1.07123923,11.73928642,0.300000,1,0
-1.46267784,-1.07123923,11.73928642,-0.81055033,-1.66130912,12.64954662,0.300000,1,0
