x1,y1,z1,x2,y2,z2,diameter,k_multiplier,frozen
-2.13319349,-0.08686715,0.69153488,-1.88745666,-0.83373445,1.60038221,0.300000,1,0
-1.88745666,-0.83373445,1.60038221,-1.14215589,-1.10519683,2.48815155,0.300000,1,0
-1.14215589,-1.10519683,2.48815155,-0.63426542,-1.71475399,3.46360755,0.300000,1,0
-0.63426542,-1.71475399,3.46360755,0.14058095,-2.40160680,4.23577929,0.300000,1,0
0.14058095,-2.40160680,4.23577929,1.07244229,-2.01322317,4.97545767,0.300000,1,0
1.07244229,-2.01322317,4.97545767,1.50530112,-1.04354596,5.73927736,0.300000,1,0
1.50530112,-1.04354596,5.73927736,2.04347467,-0.28198725,6.55738306,0.300000,1,0
2.04347467,-0.28198725,6.55738306,2.21493959,0.60350060,7.38122416,0.300000,1,0
2.21493959,0.60350060,7.38122416,1.46924579,1.18500733,8.25486088,0.300000,1,0
1.46924579,1.18500733,8.25486088,0.66749507,1.42197025,9.20491982,0.300000,1,0
0.66749507,1.42197025,9.20491982,0.11268568,1.98195648,10.02555370,0.300000,1,0
0.11268568,1.98195648,10.02555370,-0.81789637,2.12178731,10.71873760,0.300000,1,0
-0.81789637,2.12178731,10.71873760,-1.15274203,1.23519385,11.56149960,0.300000,1,0
-1.15274203,1.23519385,11.56149960,-1.44114006,0.62761003,12.55977821,0.300000,1,0
-2.41916060,-0.02527516,0.75808740,-2.09887576,-1.03040171,1.51899505,0.300000,1,0
-2.09887576,-1.03040171,1.51899505,-1.07140851,-1.33064902,2.30331063,0.300000,1,0
-1.07140851,-1.33064902,2.30331063,-0.42461142,-1.67256832,3.25321364,0.300000,1,0
-0.42461142,-1.67256832,3.25321364,0.21182220,-2.12804651,4.13533306,0.300000,1,0
0.21182220,-2.12804651,4.13533306,0.88126934,-1.78695595,5.02295446,0.300000,1,0
0.88126934,-1.78695595,5.02295446,1.26659501,-1.09039569,5.91484642,0.300000,1,0
1.26659501,-1.09039569,5.91484642,2.05365372,-0.48492637,6.77809095,0.300000,1,0
2.05365372,-0.48492637,6.77809095,2.45023060,0.45783439,7.49706650,0.300000,1,0
2.45023060,0.45783439,7.49706650,1.76849198,1.20482290,8.24717522,0.300000,1,0
1.76849198,1.20482290,8.24717522,0.87411976,1.59204543,9.06934452,0.300000,1,0
0.87411976,1.59204543,9.06934452,0.11857527,2.28099847,10.00233364,0.300000,1,0
0.11857527,2.28099847,10.00233364,-0.71732438,2.36214805,10.86743927,0.300000,1,0
-0.71732438,2.36214805,10.86743927,-1.32672048,1.47866011,11.58284569,0.300000,1,0
-1.32672048,1.47866011,11.58284569,-1.71087396,0.61300308,12.42927742,0.300000,1,0
-2.19764614,0.11214231,0.90657228,-2.16489553,-0.81054729,1.71214128,0.300000,1,0
-2.16489553,-0.81054729,1.71214128,-1.32516623,-1.34157062,2.46295953,0.300000,1,0
-1.32516623,-1.34157062,2.46295953,-0.54410803,-1.94478583,3.29344010,0.300000,1,0
-0.54410803,-1.94478583,3.29344010,0.34836772,-2.36981368,4.02173758,0.300000,1,0
0.34836772,-2.36981368,4.02173758,1.11558914,-1.74933589,4.83943653,0.300000,1,0
1.11558914,-1.74933589,4.83943653,1.27147424,-0.85595167,5.72773075,0.300000,1,0
1.27147424,-0.85595167,5.72773075,1.79148126,-0.36249700,6.69886637,0.300000,1,0
1.79148126,-0.36249700,6.69886637,2.17140651,0.37118319,7.56597662,0.300000,1,0
2.17140651,0.37118319,7.56597662,1.63727522,0.95329756,8.34473133,0.300000,1,0
1.63727522,0.95329756,8.34473133,0.95916796,1.36708307,9.24867344,0.300000,1,0
0.95916796,1.36708307,9.24867344,0.37538803,2.12639236,10.01433849,0.300000,1,0
0.37538803,2.12639236,10.01433849,-0.58510000,2.09565568,10.90614891,0.300000,1,0
-0.58510000,2.09565568,10.90614891,-1.07123923,1.46267784,11.73928642,0.300000,1,0
-1.07123923,1.46267784,11.73928642,-1.66130912,0.81055033,12.64954662,0.300000,1,0
