x1,y1,z1,x2,y2,z2,diameter,k_multiplier,frozen
-2.13319349,-0.08686715,0.69153488,-1.88745666,-0.83373445,1.60038221,0.300000,1,0
-1.88745666,-0.83373445,1.60038221,-1.14215589,-1.10519683,2.48815155,0.300000,1,0
-1.14215589,-1.10519683,2.48815155,-0.63426542,-1.71475399,3.46360755,0.300000,1,0
-0.63426542,-1.71475399,3.46360755,0.14058095,-2.40160680,4.23577929,0.300000,1,0
0.14058095,-2.40160680,4.23577929,1.07244229,-2.01322317,4.97545767,0.300000,1,0
1.07244229,-2.01322317,4.97545767,1.50530112,-1.04354596,5.73927736,0.300000,1,0
1.50530112,-1.04354596,5.73927736,2.04347467,-0.28198725,6.55738306,0.300000,1,0
2.04347467,-0.28198725,6.55738306,2.21493959,0.60350060,7.38122416,0.300000,1,0
2.21493959,0.60350060,7.38122416,1.46924579,1.18500733,8.25486088,0.300000,1,0
1.46924579,1.18500733,8.25486088,0.66749507,1.42197025,9.20491982,0.300000,1,0
0.66749507,1.42197025,9.20491982,0.11268568,1.98195648,10.02555370,0.300000,1,0
0.11268568,1.98195648,10.02555370,-0.81789637,2.12178731,10.71873760,0.300000,1,0
-0.81789637,2.12178731,10.71873760,-1.15274203,1.23519385,11.56149960,0.300000,1,0
-1.15274203,1.23519385,11.56149960,-1.44114006,0.62761003,12.55977821,0.300000,1,0
