x1,y1,z1,x2,y2,z2,diameter,k_multiplier,frozen
-1.23662484,1.08924961,0.69573283,-1.49919558,0.55367804,1.57478261,0.300000,1,0
-1.49919558,0.55367804,1.57478261,-2.06800461,0.08692563,2.36207342,0.300000,1,0
-2.06800461,0.08692563,2.36207342,-2.10905385,-0.63466322,3.14075255,0.300000,1,0
-2.10905385,-0.63466322,3.14075255,-1.53181219,-1.08738303,3.84858847,0.300000,1,0
-1.53181219,-1.08738303,3.84858847,-0.90814751,-1.57876492,4.63792133,0.300000,1,0
-0.90814751,-1.57876492,4.63792133,-0.25405243,-2.28376126,5.29926491,0.300000,1,0
-0.25405243,-2.28376126,5.29926491,0.67643583,-2.37980652,5.94087982,0.300000,1,0
0.67643583,-2.37980652,5.94087982,1.25056267,-1.62126839,6.60130787,0.300000,1,0
1.25056267,-1.62126839,6.60130787,1.42769170,-0.79160887,7.36318254,0.300000,1,0
1.42769170,-0.79160887,7.36318254,1.84467256,-0.27872857,8.17271709,0.300000,1,0
1.84467256,-0.27872857,8.17271709,2.12360787,0.36772630,8.95614624,0.300000,1,0
2.12360787,0.36772630,8.95614624,1.69546926,0.93349665,9.70977306,0.300000,1,0
1.69546926,0.93349665,9.70977306,1.02042961,1.16753983,10.49911404,0.300000,1,0
1.02042961,1.16753983,10.49911404,0.57728285,1.67140925,11.31188583,0.300000,1,0
0.57728285,1.67140925,11.31188583,-0.10055725,2.44305682,11.97592831,0.300000,1,0
-0.10055725,2.44305682,11.97592831,-1.01049340,2.16317296,12.63675976,0.300000,1,0
-1.37093592,1.34681022,0.77071977,-1.78818059,0.61061108,1.51780689,0.300000,1,0
-1.78818059,0.61061108,1.51780689,-2.25430799,-0.06773076,2.18495083,0.300000,1,0
-2.25430799,-0.06773076,2.18495083,-2.03461409,-0.84526700,2.94049072,0.300000,1,0
-2.03461409,-0.84526700,2.94049072,-1.27476096,-1.11370015,3.69616771,0.300000,1,0
-1.27476096,-1.11370015,3.69616771,-0.72744095,-1.34619188,4.58086967,0.300000,1,0
-0.72744095,-1.34619188,4.58086967,-0.30024761,-1.99978578,5.38425827,0.300000,1,0
-0.30024761,-1.99978578,5.38425827,0.45695814,-2.28010058,6.11945248,0.300000,1,0
0.45695814,-2.28010058,6.11945248,1.08188760,-1.78130090,6.79088163,0.300000,1,0
1.08188760,-1.78130090,6.79088163,1.52113342,-1.03395009,7.51331329,0.300000,1,0
1.52113342,-1.03395009,7.51331329,2.13149333,-0.36115116,8.20338440,0.300000,1,0
2.13149333,-0.36115116,8.20338440,2.38448477,0.47631231,8.85538769,0.300000,1,0
2.38448477,0.47631231,8.85538769,1.81242490,1.19197810,9.61225986,0.300000,1,0
1.81242490,1.19197810,9.61225986,0.94521189,1.41543269,10.34781456,0.300000,1,0
0.94521189,1.41543269,10.34781456,0.34092411,1.82245934,11.20549774,0.300000,1,0
0.34092411,1.82245934,11.20549774,-0.08280925,2.14358950,11.97383213,0.300000,1,0
-0.08280925,2.14358950,11.97383213,-0.78670013,2.00199986,12.75482655,0.300000,1,0
