x1,y1,z1,x2,y2,z2,diameter,k_multiplier,frozen
1.68762767,-0.05715506,0.71830815,1.76311350,-0.22073255,0.92000484,0.200000,1,0
1.76311350,-0.22073255,0.92000484,1.87078309,-0.37654620,1.16084552,0.200000,1,0
1.87078309,-0.37654620,1.16084552,1.98880494,-0.55801988,1.41327310,0.200000,1,0
1.98880494,-0.55801988,1.41327310,2.07679176,-0.78450137,1.65713990,0.200000,1,0
2.07679176,-0.78450137,1.65713990,2.09314728,-1.04954886,1.87062490,0.200000,1,0
2.09314728,-1.04954886,1.87062490,2.01954341,-1.32024348,2.04941392,0.200000,1,0
2.01954341,-1.32024348,2.04941392,1.85334420,-1.55256188,2.20358205,0.200000,1,0
1.85334420,-1.55256188,2.20358205,1.60884392,-1.70236206,2.35084152,0.200000,1,0
1.60884392,-1.70236206,2.35084152,1.31902242,-1.74438691,2.50736594,0.200000,1,0
1.31902242,-1.74438691,2.50736594,1.02520919,-1.69952559,2.68737102,0.200000,1,0
1.02520919,-1.69952559,2.68737102,0.76403099,-1.61078620,2.90068889,0.200000,1,0
0.76403099,-1.61078620,2.90068889,0.56016761,-1.53163183,3.14780951,0.200000,1,0
0.56016761,-1.53163183,3.14780951,0.41215825,-1.50986946,3.41804457,0.200000,1,0
0.41215825,-1.50986946,3.41804457,0.28230372,-1.56523883,3.69185853,0.200000,1,0
0.28230372,-1.56523883,3.69185853,0.12790108,-1.69220817,3.94793868,0.200000,1,0
0.12790108,-1.69220817,3.94793868,-0.07513345,-1.86433733,4.16405725,0.200000,1,0
-0.07513345,-1.86433733,4.16405725,-0.32450876,-2.03169966,4.33891678,0.200000,1,0
-0.32450876,-2.03169966,4.33891678,-0.60042334,-2.14327455,4.48836040,0.200000,1,0
-0.60042334,-2.14327455,4.48836040,-0.87516987,-2.16459990,4.63247919,0.200000,1,0
-0.87516987,-2.16459990,4.63247919,-1.12416875,-2.08129215,4.79318714,0.200000,1,0
-1.12416875,-2.08129215,4.79318714,-1.32385266,-1.91819894,4.98347569,0.200000,1,0
-1.32385266,-1.91819894,4.98347569,-1.46028554,-1.71748114,5.20358753,0.200000,1,0
-1.46028554,-1.71748114,5.20358753,-1.53275347,-1.51372576,5.44239950,0.200000,1,0
-1.53275347,-1.51372576,5.44239950,-1.55118394,-1.32464433,5.68203402,0.200000,1,0
-1.55118394,-1.32464433,5.68203402,-1.55218542,-1.14754689,5.91367006,0.200000,1,0
-1.55218542,-1.14754689,5.91367006,-1.56790888,-0.96957731,6.13233662,0.200000,1,0
-1.56790888,-0.96957731,6.13233662,-1.61285841,-0.77709818,6.33798265,0.200000,1,0
-1.61285841,-0.77709818,6.33798265,-1.68444717,-0.56079763,6.53992510,0.200000,1,0
-1.68444717,-0.56079763,6.53992510,-1.75817585,-0.31955484,6.73722887,0.200000,1,0
-1.75817585,-0.31955484,6.73722887,-1.81565666,-0.06892313,6.92600012,0.200000,1,0
-1.81565666,-0.06892313,6.92600012,-1.86005390,0.17099878,7.10738707,0.200000,1,0
-1.86005390,0.17099878,7.10738707,-1.89924169,0.38703871,7.29397678,0.200000,1,0
-1.89924169,0.38703871,7.29397678,-1.93452299,0.57495290,7.49799252,0.200000,1,0
-1.93452299,0.57495290,7.49799252,-1.96233284,0.74657571,7.72342396,0.200000,1,0
-1.96233284,0.74657571,7.72342396,-1.96658039,0.92442048,7.96823215,0.200000,1,0
-1.96658039,0.92442048,7.96823215,-1.93617809,1.11998391,8.21737289,0.200000,1,0
-1.93617809,1.11998391,8.21737289,-1.86458004,1.32587779,8.44966316,0.200000,1,0
-1.86458004,1.32587779,8.44966316,-1.73806536,1.51871502,8.65093517,0.200000,1,0
-1.73806536,1.51871502,8.65093517,-1.54576755,1.66305971,8.82004738,0.200000,1,0
-1.54576755,1.66305971,8.82004738,-1.29219234,1.74037743,8.96945667,0.200000,1,0
-1.29219234,1.74037743,8.96945667,-0.99978429,1.75161326,9.11907864,0.200000,1,0
-0.99978429,1.75161326,9.11907864,-0.70368773,1.71041059,9.29134941,0.200000,1,0
-0.70368773,1.71041059,9.29134941,-0.44587851,1.64641821,9.50128555,0.200000,1,0
-0.44587851,1.64641821,9.50128555,-0.24757102,1.59445488,9.74469566,0.200000,1,0
-0.24757102,1.59445488,9.74469566,-0.09789094,1.58989835,10.00787926,0.200000,1,0
-0.09789094,1.58989835,10.00787926,0.16407110,1.76226342,10.27027416,0.200000,1,0
0.16407110,1.76226342,10.27027416,0.20507157,1.79305565,10.52340508,0.200000,1,0
0.20507157,1.79305565,10.52340508,0.39795756,1.95234907,10.74676514,0.200000,1,0
0.39795756,1.95234907,10.74676514,0.62102276,2.09108973,10.93932819,0.200000,1,0
0.62102276,2.09108973,10.93932819,0.87239742,2.15967679,11.10778999,0.200000,1,0
0.87239742,2.15967679,11.10778999,1.13983607,2.12595606,11.26618958,0.200000,1,0
1.13983607,2.12595606,11.26618958,1.46763098,1.85244596,11.42908478,0.200000,1,0
1.46763098,1.85244596,11.42908478,1.58936501,1.64705622,11.59281063,0.200000,1,0
1.58936501,1.64705622,11.59281063,1.62401319,1.43124080,11.76949978,0.200000,1,0
1.62401319,1.43124080,11.76949978,1.59078896,1.21514535,11.97054672,0.200000,1,0
1.59078896,1.21514535,11.97054672,1.53710389,1.00638175,12.19985771,0.200000,1,0
1.53710389,1.00638175,12.19985771,1.50628066,0.81156701,12.44988537,0.200000,1,0
1.50628066,0.81156701,12.44988537,1.53073728,0.63114548,12.71011543,0.200000,1,0
1.53073728,0.63114548,12.71011543,1.61334014,0.45232916,12.96874428,0.200000,1,0
1.61334014,0.45232916,12.96874428,1.72573018,0.26202571,13.20599842,0.200000,1,0
1.69702995,0.06034783,0.85623598,1.89029729,-0.11974627,1.03673565,0.200000,1,0
1.89029729,-0.11974627,1.03673565,2.06336594,-0.36171824,1.21272945,0.200000,1,0
2.06336594,-0.36171824,1.21272945,2.16871762,-0.64129615,1.38688266,0.200000,1,0
2.16871762,-0.64129615,1.38688266,2.17519212,-0.92572516,1.55529094,0.200000,1,0
2.17519212,-0.92572516,1.55529094,2.07535172,-1.18304551,1.72276700,0.200000,1,0
2.07535172,-1.18304551,1.72276700,1.89723849,-1.38465345,1.90487027,0.200000,1,0
1.89723849,-1.38465345,1.90487027,1.68034482,-1.51454723,2.11070538,0.200000,1,0
1.68034482,-1.51454723,2.11070538,1.46011651,-1.56941855,2.33648133,0.200000,1,0
1.46011651,-1.56941855,2.33648133,1.25762880,-1.56481373,2.57048726,0.200000,1,0
1.25762880,-1.56481373,2.57048726,1.07433450,-1.54570007,2.80537271,0.200000,1,0
1.07433450,-1.54570007,2.80537271,0.89971030,-1.54871130,3.03387237,0.200000,1,0
0.89971030,-1.54871130,3.03387237,0.71885973,-1.59273684,3.25308514,0.200000,1,0
0.71885973,-1.59273684,3.25308514,0.51600325,-1.67382371,3.46636868,0.200000,1,0
0.51600325,-1.67382371,3.46636868,0.28320497,-1.76383519,3.66822219,0.200000,1,0
0.28320497,-1.76383519,3.66822219,0.03279350,-1.84094620,3.85396242,0.200000,1,0
0.03279350,-1.84094620,3.85396242,-0.21514496,-1.90200734,4.02629757,0.200000,1,0
-0.21514496,-1.90200734,4.02629757,-0.44222236,-1.94521248,4.20230246,0.200000,1,0
-0.44222236,-1.94521248,4.20230246,-0.63981688,-1.96990037,4.39676571,0.200000,1,0
-0.63981688,-1.96990037,4.39676571,-0.81623375,-1.97414649,4.61654234,0.200000,1,0
-0.81623375,-1.97414649,4.61654234,-0.99149483,-1.94799900,4.86123562,0.200000,1,0
-0.99149483,-1.94799900,4.86123562,-1.17450905,-1.89281404,5.11405897,0.200000,1,0
-1.17450905,-1.89281404,5.11405897,-1.36073518,-1.80610764,5.35270166,0.200000,1,0
-1.36073518,-1.80610764,5.35270166,-1.53093982,-1.67486072,5.56085730,0.200000,1,0
-1.53093982,-1.67486072,5.56085730,-1.65670884,-1.48576069,5.73594141,0.200000,1,0
-1.65670884,-1.48576069,5.73594141,-1.72822845,-1.23936570,5.88962507,0.200000,1,0
-1.72822845,-1.23936570,5.88962507,-1.74505699,-0.95362979,6.04088068,0.200000,1,0
-1.74505699,-0.95362979,6.04088068,-1.71673608,-0.66108000,6.21248674,0.200000,1,0
-1.71673608,-0.66108000,6.21248674,-1.66635478,-0.40258437,6.41892433,0.200000,1,0
-1.66635478,-0.40258437,6.41892433,-1.62186956,-0.19815488,6.65548134,0.200000,1,0
-1.62186956,-0.19815488,6.65548134,-1.61818469,-0.04115514,6.91071129,0.200000,1,0
-1.61818469,-0.04115514,6.91071129,-1.68437183,0.09863069,7.16982603,0.200000,1,0
-1.68437183,0.09863069,7.16982603,-1.81624138,0.25297657,7.41701460,0.200000,1,0
-1.81624138,0.25297657,7.41701460,-1.97462559,0.44369316,7.64346647,0.200000,1,0
-1.97462559,0.44369316,7.64346647,-2.10591340,0.68122137,7.84636068,0.200000,1,0
-2.10591340,0.68122137,7.84636068,-2.15471482,0.95746219,8.02750874,0.200000,1,0
-2.15471482,0.95746219,8.02750874,-2.09332514,1.24101233,8.19174290,0.200000,1,0
-2.09332514,1.24101233,8.19174290,-1.92827225,1.48618114,8.34843922,0.200000,1,0
-1.92827225,1.48618114,8.34843922,-1.68507802,1.65084672,8.51045895,0.200000,1,0
-1.68507802,1.65084672,8.51045895,-1.40403736,1.70695519,8.68593597,0.200000,1,0
-1.40403736,1.70695519,8.68593597,-1.12681508,1.67029619,8.88148499,0.200000,1,0
-1.12681508,1.67029619,8.88148499,-0.88347262,1.58971429,9.10294342,0.200000,1,0
-0.88347262,1.58971429,9.10294342,-0.68873799,1.51932216,9.34846020,0.200000,1,0
-0.68873799,1.51932216,9.34846020,-0.53832859,1.50634456,9.61006260,0.200000,1,0
-0.53832859,1.50634456,9.61006260,-0.39857939,1.56816232,9.87316895,0.200000,1,0
-0.39857939,1.56816232,9.87316895,-0.23023936,1.69069552,10.11889172,0.200000,1,0
-0.23023936,1.69069552,10.11889172,-0.01953891,1.69214928,10.30730629,0.200000,1,0
-0.01953891,1.69214928,10.30730629,0.22681068,1.99040580,10.49931431,0.200000,1,0
0.22681068,1.99040580,10.49931431,0.48482710,2.10090399,10.64485741,0.200000,1,0
0.48482710,2.10090399,10.64485741,0.74554777,2.14377594,10.79195976,0.200000,1,0
0.74554777,2.14377594,10.79195976,0.99873209,2.09979939,10.96477127,0.200000,1,0
0.99873209,2.09979939,10.96477127,1.23022366,1.97248876,11.17520618,0.200000,1,0
1.23022366,1.97248876,11.17520618,1.26920378,1.83340979,11.41282845,0.200000,1,0
1.26920378,1.83340979,11.41282845,1.40885448,1.70624876,11.65535831,0.200000,1,0
1.40885448,1.70624876,11.65535831,1.51861858,1.53995478,11.90016460,0.200000,1,0
1.51861858,1.53995478,11.90016460,1.59390736,1.34052956,12.12633228,0.200000,1,0
1.59390736,1.34052956,12.12633228,1.64774704,1.11443400,12.32667542,0.200000,1,0
1.64774704,1.11443400,12.32667542,1.68938851,0.86783248,12.50738049,0.200000,1,0
1.68938851,0.86783248,12.50738049,1.72828746,0.60773611,12.68947792,0.200000,1,0
1.72828746,0.60773611,12.68947792,1.76273394,0.34921992,12.88477993,0.200000,1,0
1.76273394,0.34921992,12.88477993,1.77962852,0.11236297,13.08477116,0.200000,1,0
1.86534238,-0.00319277,0.78165042,1.95973635,-0.25477126,0.90655708,0.200000,1,0
1.95973635,-0.25477126,0.90655708,2.00688434,-0.49539566,1.07510614,0.200000,1,0
2.00688434,-0.49539566,1.07510614,2.01224828,-0.70530826,1.28001940,0.200000,1,0
2.01224828,-0.70530826,1.28001940,1.98348701,-0.88730943,1.51317906,0.200000,1,0
1.98348701,-0.88730943,1.51317906,1.92352927,-1.05995119,1.76516628,0.200000,1,0
1.92352927,-1.05995119,1.76516628,1.84344172,-1.23014617,2.01990676,0.200000,1,0
1.84344172,-1.23014617,2.01990676,1.74286306,-1.39514005,2.25846648,0.200000,1,0
1.74286306,-1.39514005,2.25846648,1.60855210,-1.53968179,2.46718168,0.200000,1,0
1.60855210,-1.53968179,2.46718168,1.42383420,-1.64607251,2.64646602,0.200000,1,0
1.42383420,-1.64607251,2.64646602,1.18557978,-1.71190405,2.80623245,0.200000,1,0
1.18557978,-1.71190405,2.80623245,0.90769911,-1.73540199,2.96257901,0.200000,1,0
0.90769911,-1.73540199,2.96257901,0.62036228,-1.72202504,3.13653994,0.200000,1,0
0.62036228,-1.72202504,3.13653994,0.36150020,-1.68692935,3.34004736,0.200000,1,0
0.36150020,-1.68692935,3.34004736,0.15067656,-1.65188575,3.56870580,0.200000,1,0
0.15067656,-1.65188575,3.56870580,-0.01476377,-1.65083385,3.81401730,0.200000,1,0
-0.01476377,-1.65083385,3.81401730,-0.16113737,-1.71336758,4.06500435,0.200000,1,0
-0.16113737,-1.71336758,4.06500435,-0.31580281,-1.83396351,4.31019974,0.200000,1,0
-0.31580281,-1.83396351,4.31019974,-0.50169379,-1.97756469,4.54120684,0.200000,1,0
-0.50169379,-1.97756469,4.54120684,-0.73262185,-2.09357572,4.75345707,0.200000,1,0
-0.73262185,-2.09357572,4.75345707,-1.00308669,-2.12925529,4.94497204,0.200000,1,0
-1.00308669,-2.12925529,4.94497204,-1.28136361,-2.06186557,5.11596918,0.200000,1,0
-1.28136361,-2.06186557,5.11596918,-1.52187622,-1.89437580,5.27369356,0.200000,1,0
-1.52187622,-1.89437580,5.27369356,-1.68039954,-1.64812517,5.43067646,0.200000,1,0
-1.68039954,-1.64812517,5.43067646,-1.72852230,-1.36106730,5.59703732,0.200000,1,0
-1.72852230,-1.36106730,5.59703732,-1.68612254,-1.07467842,5.78424406,0.200000,1,0
-1.68612254,-1.07467842,5.78424406,-1.59970093,-0.82219207,6.00093317,0.200000,1,0
-1.59970093,-0.82219207,6.00093317,-1.52344573,-0.62304926,6.24701929,0.200000,1,0
-1.52344573,-0.62304926,6.24701929,-1.50577164,-0.47483024,6.51375914,0.200000,1,0
-1.50577164,-0.47483024,6.51375914,-1.56473279,-0.34100288,6.78326941,0.200000,1,0
-1.56473279,-0.34100288,6.78326941,-1.69028509,-0.18016902,7.03511620,0.200000,1,0
-1.69028509,-0.18016902,7.03511620,-1.85471201,0.02925076,7.24837971,0.200000,1,0
-1.85471201,0.02925076,7.24837971,-2.01408195,0.28216100,7.41972399,0.200000,1,0
-2.01408195,0.28216100,7.41972399,-2.12124634,0.55631095,7.56717968,0.200000,1,0
-2.12124634,0.55631095,7.56717968,-2.14642000,0.82395089,7.71224308,0.200000,1,0
-2.14642000,0.82395089,7.71224308,-2.07717752,1.06381094,7.87691641,0.200000,1,0
-2.07717752,1.06381094,7.87691641,-1.93229461,1.26005626,8.07466888,0.200000,1,0
-1.93229461,1.26005626,8.07466888,-1.75231862,1.40264928,8.30302238,0.200000,1,0
-1.75231862,1.40264928,8.30302238,-1.56836247,1.49290431,8.54829597,0.200000,1,0
-1.56836247,1.49290431,8.54829597,-1.39370036,1.53661978,8.79023933,0.200000,1,0
-1.39370036,1.53661978,8.79023933,-1.22224617,1.55935419,9.01781082,0.200000,1,0
-1.22224617,1.55935419,9.01781082,-1.03980899,1.58850241,9.22767353,0.200000,1,0
-1.03980899,1.58850241,9.22767353,-0.83479840,1.63451517,9.42192459,0.200000,1,0
-0.83479840,1.63451517,9.42192459,-0.60426575,1.69513547,9.61326790,0.200000,1,0
-0.60426575,1.69513547,9.61326790,-0.35479099,1.75156772,9.80649757,0.200000,1,0
-0.35479099,1.75156772,9.80649757,-0.10466424,1.78957117,9.99866486,0.200000,1,0
-0.10466424,1.78957117,9.99866486,0.00359642,1.86781061,10.21452808,0.200000,1,0
0.00359642,1.86781061,10.21452808,0.33044252,1.86362922,10.38447475,0.200000,1,0
0.33044252,1.86362922,10.38447475,0.52485216,1.91065848,10.59790421,0.200000,1,0
0.52485216,1.91065848,10.59790421,0.71273440,1.95034564,10.83079243,0.200000,1,0
0.71273440,1.95034564,10.83079243,0.90123451,1.96447754,11.07514477,0.200000,1,0
0.90123451,1.96447754,11.07514477,1.09135962,1.93815553,11.31498432,0.200000,1,0
1.09135962,1.93815553,11.31498432,1.34673846,1.97360623,11.53255081,0.200000,1,0
1.34673846,1.97360623,11.53255081,1.57368827,1.78410518,11.73762703,0.200000,1,0
1.57368827,1.78410518,11.73762703,1.71851981,1.54397535,11.90499687,0.200000,1,0
1.71851981,1.54397535,11.90499687,1.76553214,1.27614427,12.04633522,0.200000,1,0
1.76553214,1.27614427,12.04633522,1.73671186,0.99826467,12.19033051,0.200000,1,0
1.73671186,0.99826467,12.19033051,1.66750264,0.72878826,12.36529732,0.200000,1,0
1.66750264,0.72878826,12.36529732,1.60248590,0.49110726,12.58665943,0.200000,1,0
1.60248590,0.49110726,12.58665943,1.57288015,0.30045125,12.84506702,0.200000,1,0
1.57288015,0.30045125,12.84506702,1.58588243,0.15092316,13.11600494,0.200000,1,0
