x1,y1,z1,x2,y2,z2,diameter,k_multiplier,frozen
-1.60781133,1.74306822,0.70422339,-0.70973068,1.78083801,1.58531392,0.300000,1,0
-0.70973068,1.78083801,1.58531392,0.07267089,1.95248485,2.59412265,0.300000,1,0
0.07267089,1.95248485,2.59412265,1.06804967,2.18244863,3.41740680,0.300000,1,0
1.06804967,2.18244863,3.41740680,1.54242349,1.45506716,4.22393847,0.300000,1,0
1.54242349,1.45506716,4.22393847,1.45074737,0.46208432,4.97988510,0.300000,1,0
1.45074737,0.46208432,4.97988510,1.78562570,-0.40048137,5.78059959,0.300000,1,0
1.78562570,-0.40048137,5.78059959,1.85369229,-1.35783970,6.53811502,0.300000,1,0
1.85369229,-1.35783970,6.53811502,1.08008301,-1.79435480,7.36626434,0.300000,1,0
1.08008301,-1.79435480,7.36626434,0.24427651,-1.82824063,8.31290340,0.300000,1,0
0.24427651,-1.82824063,8.31290340,-0.57151282,-2.19207525,9.25474930,0.300000,1,0
-0.57151282,-2.19207525,9.25474930,-1.39716804,-1.90842021,10.11678028,0.300000,1,0
-1.39716804,-1.90842021,10.11678028,-1.50981617,-0.94669974,10.89959145,0.300000,1,0
-1.50981617,-0.94669974,10.89959145,-1.56017184,-0.09023834,11.76219845,0.300000,1,0
-1.56017184,-0.09023834,11.76219845,-1.91553879,0.80556852,12.47502899,0.300000,1,0
