x1,y1,z1,x2,y2,z2,diameter,k_multiplier,frozen
1.60781133,-1.74306822,0.70422339,0.70973068,-1.78083801,1.58531392,0.300000,1,0
0.70973068,-1.78083801,1.58531392,-0.08249881,-1.95817959,2.59322309,0.300000,1,0
-0.08249881,-1.95817959,2.59322309,-0.95225394,-2.12032485,3.43038464,0.300000,1,0
-0.95225394,-2.12032485,3.43038464,-1.49969888,-1.37634921,4.20991945,0.300000,1,0
-1.49969888,-1.37634921,4.20991945,-1.45197618,-0.41571274,4.98049402,0.300000,1,0
-1.45197618,-0.41571274,4.98049402,-1.78562570,0.40048137,5.78059959,0.300000,1,0
-1.78562570,0.40048137,5.78059959,-1.85369229,1.35783970,6.53811502,0.300000,1,0
-1.85369229,1.35783970,6.53811502,-1.08008301,1.79435480,7.36626434,0.300000,1,0
-1.08008301,1.79435480,7.36626434,-0.24427651,1.82824063,8.31290340,0.300000,1,0
-0.24427651,1.82824063,8.31290340,0.52647704,2.18219495,9.25371456,0.300000,1,0
0.52647704,2.18219495,9.25371456,1.51136184,1.90020657,10.13122940,0.300000,1,0
1.51136184,1.90020657,10.13122940,1.55677903,0.99422455,10.90364075,0.300000,1,0
1.55677903,0.99422455,10.90364075,1.56136715,0.09584736,11.76194954,0.300000,1,0
1.56136715,0.09584736,11.76194954,1.91553879,-0.80556852,12.47502899,0.300000,1,0
