x1,y1,z1,x2,y2,z2,diameter,k_multiplier,frozen
-1.74306822,-1.60781133,0.70422339,-1.78083801,-0.70973068,1.58531392,0.300000,1,0
-1.78083801,-0.70973068,1.58531392,-1.95817959,0.08249881,2.59322309,0.300000,1,0
-1.95817959,0.08249881,2.59322309,-2.12032485,0.95225394,3.43038464,0.300000,1,0
-2.12032485,0.95225394,3.43038464,-1.37634921,1.49969888,4.20991945,0.300000,1,0
-1.37634921,1.49969888,4.20991945,-0.41571274,1.45197618,4.98049402,0.300000,1,0
-0.41571274,1.45197618,4.98049402,0.42683548,1.79541171,5.77995872,0.300000,1,0
0.42683548,1.79541171,5.77995872,1.23993313,1.83070600,6.53387356,0.300000,1,0
1.23993313,1.83070600,6.53387356,1.74680340,1.01764143,7.35620260,0.300000,1,0
1.74680340,1.01764143,7.35620260,1.82576275,0.21825987,8.31370354,0.300000,1,0
1.82576275,0.21825987,8.31370354,2.19207525,-0.57151282,9.25474930,0.300000,1,0
2.19207525,-0.57151282,9.25474930,1.90842021,-1.39716804,10.11678028,0.300000,1,0
1.90842021,-1.39716804,10.11678028,0.94669974,-1.50981617,10.89959145,0.300000,1,0
0.94669974,-1.50981617,10.89959145,0.09023834,-1.56017184,11.76219845,0.300000,1,0
0.09023834,-1.56017184,11.76219845,-0.80556852,-1.91553879,12.47502899,0.300000,1,0
-1.49389124,-1.45000112,0.75905740,-1.57150042,-0.51510042,1.49422693,0.300000,1,0
-1.57150042,-0.51510042,1.49422693,-1.84440184,0.26383004,2.38304782,0.300000,1,0
-1.84440184,0.26383004,2.38304782,-2.14390159,1.17764914,3.23381114,0.300000,1,0
-2.14390159,1.17764914,3.23381114,-1.48655617,1.76938784,4.13834906,0.300000,1,0
-1.48655617,1.76938784,4.13834906,-0.56584918,1.70019948,5.05694199,0.300000,1,0
-0.56584918,1.70019948,5.05694199,0.24729259,1.92149019,5.98457670,0.300000,1,0
0.24729259,1.92149019,5.98457670,1.14354289,2.02861452,6.73768997,0.300000,1,0
1.14354289,2.02861452,6.73768997,1.48110187,1.11673546,7.45409584,0.300000,1,0
1.48110187,1.11673546,7.45409584,1.53727913,0.15952756,8.25601673,0.300000,1,0
1.53727913,0.15952756,8.25601673,1.99809825,-0.69532490,9.06228256,0.300000,1,0
1.99809825,-0.69532490,9.06228256,1.82359183,-1.60885823,9.92186642,0.300000,1,0
1.82359183,-1.60885823,9.92186642,0.95412594,-1.79053307,10.79403210,0.300000,1,0
0.95412594,-1.79053307,10.79403210,0.13595369,-1.85400498,11.80184841,0.300000,1,0
0.13595369,-1.85400498,11.80184841,-0.71771741,-2.14016438,12.65342617,0.300000,1,0
